t 295
? 1 1
? 2 2
? 3 3
? 4 4
? 5 5
? 6 6
? 7 7
? 8 8
? 9 9
? 10 10
? 11 11
? 12 12
? 13 13
? 14 14
? 15 15
? 16 16
? 17 17
? 18 18
? 19 19
? 20 20
? 21 21
? 22 22
? 23 23
? 24 24
? 25 25
? 26 26
? 27 27
? 28 28
? 29 29
? 30 30
? 31 31
? 32 32
? 33 33
? 34 34
? 35 35
? 36 36
? 37 37
? 38 38
? 39 39
? 40 40
? 41 41
? 42 42
? 43 43
? 44 44
? 45 45
? 46 46
? 47 47
? 48 48
? 49 49
? 50 50
? 51 51
? 52 52
? 53 53
? 54 54
? 55 55
? 56 56
? 57 57
? 58 58
? 59 59
? 60 60
? 61 61
? 62 62
? 63 63
? 64 64
? 65 65
? 66 66
? 67 67
? 68 68
? 69 69
? 70 70
? 71 71
? 72 72
? 73 73
? 74 74
? 75 75
? 76 76
? 77 77
? 78 78
? 79 79
? 80 80
? 81 81
? 82 82
? 83 83
? 84 84
? 85 85
? 86 86
? 87 87
? 88 88
? 89 89
? 90 90
? 91 91
? 92 92
? 93 93
? 94 94
? 95 95
? 96 96
? 97 97
? 98 98
? 99 99
? 100 100
? 101 101
? 102 102
? 103 103
? 104 104
? 105 105
? 106 106
? 107 107
? 108 108
? 109 109
? 110 110
? 111 111
? 112 112
? 113 113
? 114 114
? 115 115
? 116 116
? 117 117
? 118 118
? 119 119
? 120 120
? 121 121
? 122 122
? 123 123
? 124 124
? 125 125
? 126 126
? 127 127
? 128 128
? 129 129
? 130 130
? 131 131
? 132 132
? 133 133
? 134 134
? 135 135
? 136 136
? 137 137
? 138 138
? 139 139
? 140 140
? 141 141
? 142 142
? 143 143
? 144 144
? 145 145
? 146 146
? 147 147
? 148 148
? 149 149
? 150 150
? 151 151
? 152 152
? 153 153
? 154 154
? 155 155
? 156 156
? 157 157
? 158 158
? 159 159
? 160 160
? 161 161
? 162 162
? 163 163
? 164 164
? 165 165
? 166 166
? 167 167
? 168 168
? 169 169
? 170 170
? 171 171
? 172 172
? 173 173
? 174 174
? 175 175
? 176 176
? 177 177
? 178 178
? 179 179
? 180 180
? 181 181
? 182 182
? 183 183
? 184 184
? 185 185
? 186 186
? 187 187
? 188 188
? 189 189
? 190 190
? 191 191
? 192 192
? 193 193
? 194 194
? 195 195
? 196 196
? 197 197
? 198 198
? 199 199
? 200 200
? 201 201
? 202 202
? 203 203
? 204 204
? 205 205
? 206 206
? 207 207
? 208 208
? 209 209
? 210 210
? 211 211
? 212 212
? 213 213
? 214 214
? 215 215
? 216 216
? 217 217
? 218 218
? 219 219
? 220 220
? 221 221
? 222 222
? 223 223
? 224 224
? 225 225
? 226 226
? 227 227
? 228 228
? 229 229
? 230 230
? 231 231
? 232 232
? 233 233
? 234 234
? 235 235
? 236 236
? 237 237
? 238 238
? 239 239
? 240 240
? 241 241
? 242 242
? 243 243
? 244 244
? 245 245
? 246 246
? 247 247
? 248 248
? 249 249
? 250 250
? 251 251
? 252 252
? 253 253
? 254 254
? 255 255
? 256 256
? 257 257
? 258 258
? 259 259
? 260 260
? 261 261
? 262 262
? 263 263
? 264 264
? 265 265
? 266 266
? 267 267
? 268 268
? 269 269
? 270 270
? 271 271
? 272 272
? 273 273
? 274 274
? 275 275
? 276 276
? 277 277
? 278 278
? 279 279
? 280 280
? 281 281
? 282 282
? 283 283
? 284 284
? 285 285
? 286 286
? 287 287
? 288 288
? 289 289
? 290 290
? 291 291
? 292 292
? 293 293
? 294 294
? 295 295
T 1086
L 0 1 221 123
L 1 2 162 216
L 2 3 217 150
L 3 4 107 334
L 4 5 107 435
L 5 6 198 301
L 6 7 206 41
L 7 7 205 235
L 8 8 147 307
L 9 9 108 39
L 10 10 210 80
L 11 11 181 378
L 12 11 180 289
L 13 12 137 87
L 14 12 136 180
L 15 13 197 24
L 16 13 196 125
L 17 14 153 87
L 18 15 170 253
L 19 16 139 238
L 20 16 137 40
L 21 17 115 414
L 22 18 168 112
L 23 19 207 111
L 24 20 140 415
L 25 21 198 205
L 26 22 107 284
L 27 23 128 190
L 28 24 207 113
L 29 25 157 115
L 30 26 197 94
L 31 26 196 227
L 32 27 131 322
L 33 27 130 235
L 34 28 107 61
L 35 29 189 256
L 36 29 188 36
L 37 29 187 92
L 38 30 207 482
L 39 31 131 333
L 40 32 229 121
L 41 33 193 61
L 42 34 228 210
L 43 35 133 401
L 44 35 131 139
L 45 36 192 381
L 46 37 134 415
L 47 38 130 255
L 48 39 217 458
L 49 40 267 167
L 50 40 181 483
L 51 40 180 488
L 52 41 228 81
L 53 42 192 94
L 54 42 191 99
L 55 42 190 487
L 56 43 155 289
L 57 44 107 373
L 58 45 174 177
L 59 46 168 393
L 60 47 214 479
L 61 48 107 261
L 62 49 189 120
L 63 49 188 301
L 64 50 226 486
L 65 51 189 171
L 66 51 188 57
L 67 52 107 21
L 68 53 107 253
L 69 54 153 38
L 70 55 177 344
L 71 56 107 365
L 72 57 193 90
L 73 58 216 53
L 74 58 215 266
L 75 59 198 219
L 76 60 214 425
L 77 61 177 181
L 78 62 210 465
L 79 63 156 382
L 80 64 170 338
L 81 65 189 447
L 82 65 188 370
L 83 66 147 410
L 84 67 189 41
L 85 67 188 460
L 86 68 162 396
L 87 68 160 320
L 88 69 107 332
L 89 70 214 72
L 90 71 107 213
L 91 72 195 311
L 92 73 183 324
L 93 73 182 323
L 94 74 106 112
L 95 75 212 309
L 96 76 200 484
L 97 77 162 159
L 98 77 161 320
L 99 77 160 237
L 100 78 147 187
L 101 79 162 164
L 102 80 192 102
L 103 80 191 268
L 104 81 164 208
L 105 81 163 358
L 106 82 223 478
L 107 82 222 132
L 108 83 162 38
L 109 83 160 442
L 110 84 192 14
L 111 85 214 367
L 112 86 105 389
L 113 87 107 374
L 114 88 227 276
L 115 89 217 420
L 116 90 213 333
L 117 91 226 172
L 118 92 210 240
L 119 93 193 165
L 120 94 147 235
L 121 95 107 443
L 122 96 223 467
L 123 96 221 58
L 124 97 107 266
L 125 98 107 78
L 126 99 107 358
L 127 100 217 249
L 128 101 197 228
L 129 101 196 178
L 130 102 107 477
L 131 103 210 405
L 132 104 107 332
L 133 105 133 78
L 134 105 132 173
L 135 105 131 40
L 136 105 110 426
L 137 105 109 150
L 138 105 108 162
L 139 105 107 455
L 140 105 106 92
L 141 105 86 166
L 142 106 159 321
L 143 106 105 471
L 144 106 74 40
L 145 107 259 97
L 146 107 251 390
L 147 107 236 364
L 148 107 109 259
L 149 107 105 129
L 150 107 104 29
L 151 107 102 485
L 152 107 99 72
L 153 107 98 486
L 154 107 97 43
L 155 107 95 328
L 156 107 87 64
L 157 107 71 391
L 158 107 69 77
L 159 107 56 282
L 160 107 53 68
L 161 107 52 53
L 162 107 48 187
L 163 107 44 391
L 164 107 28 121
L 165 107 22 350
L 166 107 5 421
L 167 107 4 47
L 168 108 259 491
L 169 108 109 83
L 170 108 105 492
L 171 108 9 82
L 172 109 110 239
L 173 109 108 312
L 174 109 107 52
L 175 109 105 269
L 176 110 236 399
L 177 110 109 433
L 178 110 105 133
L 179 111 295 158
L 180 111 239 62
L 181 111 114 152
L 182 111 112 142
L 183 112 111 124
L 184 113 241 138
L 185 113 182 176
L 186 113 115 443
L 187 114 243 192
L 188 114 242 66
L 189 114 241 19
L 190 114 240 464
L 191 114 183 125
L 192 114 182 62
L 193 114 175 151
L 194 114 115 16
L 195 114 111 174
L 196 115 241 492
L 197 115 240 427
L 198 115 216 211
L 199 115 215 482
L 200 115 114 10
L 201 115 113 202
L 202 115 17 63
L 203 116 181 239
L 204 116 180 14
L 205 116 117 106
L 206 117 116 499
L 207 118 207 403
L 208 118 183 39
L 209 118 182 131
L 210 118 175 61
L 211 118 125 91
L 212 118 124 273
L 213 118 123 193
L 214 118 122 205
L 215 118 121 401
L 216 118 120 359
L 217 119 207 148
L 218 119 124 93
L 219 119 123 416
L 220 119 122 157
L 221 119 121 57
L 222 120 206 41
L 223 120 151 210
L 224 120 118 198
L 225 121 206 47
L 226 121 205 374
L 227 121 151 189
L 228 121 128 465
L 229 121 127 85
L 230 121 126 171
L 231 121 125 465
L 232 121 119 277
L 233 121 118 224
L 234 122 151 204
L 235 122 128 281
L 236 122 127 321
L 237 122 126 202
L 238 122 125 184
L 239 122 119 350
L 240 122 118 324
L 241 123 206 235
L 242 123 151 432
L 243 123 128 97
L 244 123 119 419
L 245 123 118 137
L 246 124 219 489
L 247 124 119 278
L 248 124 118 275
L 249 125 219 81
L 250 125 122 193
L 251 125 121 422
L 252 125 118 128
L 253 126 122 225
L 254 126 121 132
L 255 127 122 317
L 256 127 121 262
L 257 128 146 496
L 258 128 145 496
L 259 128 123 227
L 260 128 122 80
L 261 128 121 166
L 262 128 23 191
L 263 129 165 348
L 264 130 229 381
L 265 130 228 385
L 266 130 139 129
L 267 130 133 202
L 268 130 132 87
L 269 130 38 303
L 270 130 27 52
L 271 131 229 401
L 272 131 228 38
L 273 131 139 474
L 274 131 138 488
L 275 131 137 447
L 276 131 133 110
L 277 131 105 476
L 278 131 35 225
L 279 131 31 375
L 280 131 27 57
L 281 132 130 409
L 282 132 105 297
L 283 133 134 175
L 284 133 131 133
L 285 133 130 419
L 286 133 105 482
L 287 133 35 385
L 288 134 133 415
L 289 134 37 478
L 290 135 143 112
L 291 135 140 485
L 292 135 139 143
L 293 136 251 294
L 294 136 143 332
L 295 136 139 24
L 296 136 12 178
L 297 137 143 452
L 298 137 140 216
L 299 137 139 256
L 300 137 138 254
L 301 137 131 258
L 302 137 16 157
L 303 137 12 282
L 304 138 223 232
L 305 138 137 144
L 306 138 131 229
L 307 139 223 332
L 308 139 140 120
L 309 139 137 444
L 310 139 136 207
L 311 139 135 167
L 312 139 131 352
L 313 139 130 494
L 314 139 16 333
L 315 140 259 476
L 316 140 139 413
L 317 140 137 314
L 318 140 135 361
L 319 140 20 327
L 320 141 253 292
L 321 141 252 463
L 322 141 216 311
L 323 141 215 425
L 324 141 162 256
L 325 141 143 143
L 326 142 253 440
L 327 142 252 425
L 328 142 216 94
L 329 142 215 156
L 330 142 162 180
L 331 142 161 339
L 332 142 160 404
L 333 142 143 327
L 334 143 253 121
L 335 143 252 136
L 336 143 150 462
L 337 143 149 341
L 338 143 142 458
L 339 143 141 82
L 340 143 137 284
L 341 143 136 164
L 342 143 135 240
L 343 144 154 136
L 344 144 152 158
L 345 144 151 72
L 346 144 150 111
L 347 144 149 70
L 348 145 147 377
L 349 145 128 462
L 350 146 254 387
L 351 146 152 168
L 352 146 150 424
L 353 146 149 198
L 354 146 148 93
L 355 146 128 180
L 356 147 254 332
L 357 147 150 32
L 358 147 149 104
L 359 147 145 417
L 360 147 94 178
L 361 147 78 275
L 362 147 66 256
L 363 147 8 82
L 364 148 252 101
L 365 148 152 367
L 366 148 151 208
L 367 148 150 63
L 368 148 149 207
L 369 148 146 166
L 370 149 216 136
L 371 149 215 482
L 372 149 155 321
L 373 149 153 366
L 374 149 151 117
L 375 149 148 469
L 376 149 147 428
L 377 149 146 219
L 378 149 144 39
L 379 149 143 304
L 380 150 254 181
L 381 150 216 416
L 382 150 215 463
L 383 150 155 105
L 384 150 154 114
L 385 150 153 55
L 386 150 148 275
L 387 150 147 437
L 388 150 146 78
L 389 150 144 369
L 390 150 143 353
L 391 151 180 246
L 392 151 159 143
L 393 151 155 108
L 394 151 153 319
L 395 151 149 235
L 396 151 148 466
L 397 151 144 27
L 398 151 123 289
L 399 151 122 172
L 400 151 121 183
L 401 151 120 415
L 402 152 254 154
L 403 152 181 494
L 404 152 180 280
L 405 152 179 262
L 406 152 178 462
L 407 152 159 208
L 408 152 158 471
L 409 152 155 491
L 410 152 154 12
L 411 152 153 151
L 412 152 148 407
L 413 152 146 465
L 414 152 144 246
L 415 153 173 21
L 416 153 156 20
L 417 153 155 20
L 418 153 154 448
L 419 153 152 88
L 420 153 151 380
L 421 153 150 301
L 422 153 149 325
L 423 153 54 22
L 424 153 14 399
L 425 154 173 143
L 426 154 156 248
L 427 154 153 364
L 428 154 152 161
L 429 154 150 36
L 430 154 144 36
L 431 155 156 334
L 432 155 153 441
L 433 155 152 180
L 434 155 151 328
L 435 155 150 221
L 436 155 149 432
L 437 155 43 289
L 438 156 155 419
L 439 156 154 403
L 440 156 153 280
L 441 156 63 421
L 442 157 159 54
L 443 157 25 187
L 444 158 152 386
L 445 159 259 291
L 446 159 157 199
L 447 159 152 396
L 448 159 151 302
L 449 159 106 146
L 450 160 218 475
L 451 160 167 181
L 452 160 164 437
L 453 160 163 299
L 454 160 142 194
L 455 160 83 336
L 456 160 77 433
L 457 160 68 432
L 458 161 262 199
L 459 161 218 93
L 460 161 167 459
L 461 161 166 226
L 462 161 164 418
L 463 161 163 400
L 464 161 142 396
L 465 161 77 245
L 466 162 218 120
L 467 162 167 328
L 468 162 166 34
L 469 162 165 39
L 470 162 164 230
L 471 162 142 304
L 472 162 141 450
L 473 162 83 275
L 474 162 79 482
L 475 162 77 336
L 476 162 68 65
L 477 162 2 180
L 478 163 263 231
L 479 163 262 357
L 480 163 221 317
L 481 163 167 205
L 482 163 166 37
L 483 163 161 254
L 484 163 160 495
L 485 163 81 222
L 486 164 221 89
L 487 164 220 427
L 488 164 166 154
L 489 164 162 279
L 490 164 161 20
L 491 164 160 112
L 492 164 81 495
L 493 165 162 428
L 494 165 129 11
L 495 166 164 391
L 496 166 163 172
L 497 166 162 121
L 498 166 161 219
L 499 167 163 196
L 500 167 162 150
L 501 167 161 440
L 502 167 160 491
L 503 168 265 100
L 504 168 183 214
L 505 168 182 473
L 506 168 175 426
L 507 168 170 269
L 508 168 169 153
L 509 168 46 157
L 510 168 18 125
L 511 169 265 460
L 512 169 208 353
L 513 169 170 153
L 514 169 168 214
L 515 170 203 347
L 516 170 169 366
L 517 170 168 293
L 518 170 64 274
L 519 170 15 19
L 520 171 192 72
L 521 172 181 284
L 522 173 154 121
L 523 173 153 67
L 524 174 184 212
L 525 174 183 122
L 526 174 180 449
L 527 174 45 374
L 528 175 197 234
L 529 175 181 167
L 530 175 176 70
L 531 175 168 375
L 532 175 118 106
L 533 175 114 60
L 534 176 183 465
L 535 176 175 311
L 536 177 183 33
L 537 177 182 391
L 538 177 61 79
L 539 177 55 176
L 540 178 192 48
L 541 178 152 195
L 542 179 266 136
L 543 179 192 391
L 544 179 152 339
L 545 180 267 340
L 546 180 192 238
L 547 180 174 204
L 548 180 152 132
L 549 180 151 11
L 550 180 116 213
L 551 180 40 195
L 552 180 11 286
L 553 181 267 325
L 554 181 192 252
L 555 181 191 488
L 556 181 190 437
L 557 181 183 200
L 558 181 182 361
L 559 181 175 171
L 560 181 172 357
L 561 181 152 421
L 562 181 116 45
L 563 181 40 454
L 564 181 11 472
L 565 182 267 10
L 566 182 234 264
L 567 182 197 495
L 568 182 196 392
L 569 182 181 334
L 570 182 177 170
L 571 182 168 430
L 572 182 118 29
L 573 182 114 297
L 574 182 113 320
L 575 182 73 358
L 576 183 234 136
L 577 183 197 58
L 578 183 181 62
L 579 183 177 258
L 580 183 176 59
L 581 183 174 265
L 582 183 168 443
L 583 183 118 335
L 584 183 114 89
L 585 183 73 195
L 586 184 185 323
L 587 184 174 26
L 588 185 184 385
L 589 186 192 183
L 590 187 269 187
L 591 187 202 242
L 592 187 201 104
L 593 187 199 223
L 594 187 193 195
L 595 187 191 76
L 596 187 29 223
L 597 188 275 450
L 598 188 270 71
L 599 188 202 114
L 600 188 201 284
L 601 188 200 232
L 602 188 199 44
L 603 188 193 303
L 604 188 192 28
L 605 188 191 354
L 606 188 67 161
L 607 188 65 154
L 608 188 51 402
L 609 188 49 213
L 610 188 29 403
L 611 189 270 452
L 612 189 202 469
L 613 189 201 346
L 614 189 193 287
L 615 189 192 58
L 616 189 191 40
L 617 189 190 109
L 618 189 67 75
L 619 189 65 415
L 620 189 51 283
L 621 189 49 253
L 622 189 29 157
L 623 190 280 378
L 624 190 201 466
L 625 190 198 343
L 626 190 195 445
L 627 190 189 189
L 628 190 181 292
L 629 190 42 15
L 630 191 201 294
L 631 191 198 76
L 632 191 195 237
L 633 191 189 328
L 634 191 188 369
L 635 191 187 255
L 636 191 181 182
L 637 191 80 30
L 638 191 42 400
L 639 192 278 84
L 640 192 201 234
L 641 192 200 302
L 642 192 198 35
L 643 192 197 202
L 644 192 196 147
L 645 192 195 313
L 646 192 189 251
L 647 192 188 178
L 648 192 186 412
L 649 192 181 317
L 650 192 180 93
L 651 192 179 195
L 652 192 178 69
L 653 192 171 240
L 654 192 84 72
L 655 192 80 35
L 656 192 42 82
L 657 192 36 17
L 658 193 280 214
L 659 193 279 365
L 660 193 204 22
L 661 193 197 499
L 662 193 196 431
L 663 193 195 249
L 664 193 194 326
L 665 193 189 300
L 666 193 188 495
L 667 193 187 498
L 668 193 93 321
L 669 193 57 394
L 670 193 33 81
L 671 194 196 54
L 672 194 193 196
L 673 195 197 107
L 674 195 196 247
L 675 195 193 333
L 676 195 192 411
L 677 195 191 488
L 678 195 190 10
L 679 195 72 322
L 680 196 280 304
L 681 196 278 93
L 682 196 277 17
L 683 196 276 364
L 684 196 275 324
L 685 196 270 80
L 686 196 268 389
L 687 196 233 397
L 688 196 232 87
L 689 196 215 103
L 690 196 195 261
L 691 196 194 99
L 692 196 193 101
L 693 196 192 192
L 694 196 182 339
L 695 196 101 417
L 696 196 26 483
L 697 196 13 334
L 698 197 280 415
L 699 197 277 303
L 700 197 275 227
L 701 197 232 487
L 702 197 216 347
L 703 197 215 413
L 704 197 195 93
L 705 197 193 94
L 706 197 192 246
L 707 197 183 494
L 708 197 182 81
L 709 197 175 247
L 710 197 101 316
L 711 197 26 376
L 712 197 13 331
L 713 198 199 324
L 714 198 192 239
L 715 198 191 154
L 716 198 190 394
L 717 198 59 127
L 718 198 21 50
L 719 198 6 472
L 720 199 198 221
L 721 199 188 302
L 722 199 187 71
L 723 200 192 312
L 724 200 188 485
L 725 200 76 400
L 726 201 281 228
L 727 201 192 467
L 728 201 191 234
L 729 201 190 143
L 730 201 189 270
L 731 201 188 451
L 732 201 187 129
L 733 202 189 117
L 734 202 188 364
L 735 202 187 213
L 736 203 170 201
L 737 204 193 110
L 738 205 121 207
L 739 205 7 273
L 740 206 264 347
L 741 206 123 23
L 742 206 121 148
L 743 206 120 177
L 744 206 7 337
L 745 207 283 378
L 746 207 208 322
L 747 207 119 231
L 748 207 118 495
L 749 207 30 363
L 750 207 24 203
L 751 207 19 216
L 752 208 283 164
L 753 208 209 264
L 754 208 207 27
L 755 208 169 148
L 756 209 208 164
L 757 210 213 246
L 758 210 212 115
L 759 210 103 388
L 760 210 92 379
L 761 210 62 375
L 762 210 10 339
L 763 211 213 499
L 764 211 212 483
L 765 212 213 202
L 766 212 211 211
L 767 212 210 183
L 768 212 75 302
L 769 213 216 409
L 770 213 215 446
L 771 213 214 149
L 772 213 212 422
L 773 213 211 94
L 774 213 210 316
L 775 213 90 259
L 776 214 284 462
L 777 214 216 138
L 778 214 215 481
L 779 214 213 456
L 780 214 85 491
L 781 214 70 183
L 782 214 60 171
L 783 214 47 155
L 784 215 217 438
L 785 215 214 189
L 786 215 213 293
L 787 215 197 101
L 788 215 196 425
L 789 215 150 399
L 790 215 149 479
L 791 215 142 304
L 792 215 141 274
L 793 215 115 317
L 794 215 58 302
L 795 216 217 256
L 796 216 214 19
L 797 216 213 13
L 798 216 197 430
L 799 216 150 312
L 800 216 149 412
L 801 216 142 375
L 802 216 141 451
L 803 216 115 334
L 804 216 58 459
L 805 217 286 267
L 806 217 216 92
L 807 217 215 420
L 808 217 100 395
L 809 217 89 73
L 810 217 39 376
L 811 217 3 386
L 812 218 288 246
L 813 218 162 47
L 814 218 161 40
L 815 218 160 183
L 816 219 125 226
L 817 219 124 324
L 818 220 294 275
L 819 220 292 151
L 820 220 291 222
L 821 220 290 253
L 822 220 230 445
L 823 220 226 486
L 824 220 224 70
L 825 220 164 247
L 826 221 294 242
L 827 221 292 80
L 828 221 291 250
L 829 221 290 171
L 830 221 230 382
L 831 221 226 162
L 832 221 225 46
L 833 221 224 333
L 834 221 223 486
L 835 221 222 495
L 836 221 164 99
L 837 221 163 77
L 838 221 96 415
L 839 221 1 485
L 840 222 292 140
L 841 222 226 290
L 842 222 224 370
L 843 222 221 377
L 844 222 82 328
L 845 223 293 400
L 846 223 292 60
L 847 223 290 54
L 848 223 226 223
L 849 223 224 325
L 850 223 221 195
L 851 223 139 436
L 852 223 138 78
L 853 223 96 140
L 854 223 82 422
L 855 224 227 139
L 856 224 223 377
L 857 224 222 163
L 858 224 221 210
L 859 224 220 127
L 860 225 221 325
L 861 226 227 92
L 862 226 223 279
L 863 226 222 361
L 864 226 221 415
L 865 226 220 264
L 866 226 91 356
L 867 226 50 14
L 868 227 230 332
L 869 227 226 270
L 870 227 224 490
L 871 227 88 463
L 872 228 131 60
L 873 228 130 359
L 874 228 41 340
L 875 228 34 378
L 876 229 131 259
L 877 229 130 390
L 878 229 32 423
L 879 230 227 473
L 880 230 221 215
L 881 230 220 118
L 882 231 234 408
L 883 231 232 283
L 884 232 231 248
L 885 232 197 329
L 886 232 196 413
L 887 233 234 125
L 888 233 196 483
L 889 234 233 122
L 890 234 231 243
L 891 234 183 307
L 892 234 182 204
L 893 235 257 22
L 894 236 259 167
L 895 236 251 119
L 896 236 110 276
L 897 236 107 22
L 898 237 286 123
L 899 237 238 108
L 900 238 241 283
L 901 238 240 112
L 902 238 237 71
L 903 239 111 333
L 904 240 238 462
L 905 240 115 401
L 906 240 114 211
L 907 241 243 221
L 908 241 238 291
L 909 241 115 133
L 910 241 114 193
L 911 241 113 496
L 912 242 114 242
L 913 243 241 101
L 914 243 114 279
L 915 244 252 481
L 916 245 256 421
L 917 245 253 192
L 918 246 267 106
L 919 247 288 403
L 920 247 287 304
L 921 247 262 339
L 922 248 290 210
L 923 249 290 499
L 924 250 290 351
L 925 251 236 368
L 926 251 136 117
L 927 251 107 127
L 928 252 260 381
L 929 252 259 231
L 930 252 256 226
L 931 252 255 163
L 932 252 253 334
L 933 252 244 287
L 934 252 148 487
L 935 252 143 295
L 936 252 142 188
L 937 252 141 197
L 938 253 258 16
L 939 253 256 469
L 940 253 252 321
L 941 253 245 200
L 942 253 143 465
L 943 253 142 62
L 944 253 141 291
L 945 254 152 243
L 946 254 150 42
L 947 254 147 211
L 948 254 146 425
L 949 255 260 138
L 950 255 252 114
L 951 256 258 229
L 952 256 257 468
L 953 256 253 315
L 954 256 252 227
L 955 256 245 318
L 956 257 256 182
L 957 257 235 334
L 958 258 260 436
L 959 258 256 62
L 960 258 253 64
L 961 259 252 161
L 962 259 236 216
L 963 259 159 388
L 964 259 140 438
L 965 259 108 202
L 966 259 107 183
L 967 260 258 125
L 968 260 255 390
L 969 260 252 189
L 970 261 291 94
L 971 261 262 210
L 972 262 291 379
L 973 262 290 58
L 974 262 261 263
L 975 262 247 170
L 976 262 163 292
L 977 262 161 296
L 978 263 291 372
L 979 263 163 217
L 980 264 206 425
L 981 265 169 476
L 982 265 168 436
L 983 266 179 392
L 984 267 246 290
L 985 267 182 163
L 986 267 181 210
L 987 267 180 463
L 988 267 40 487
L 989 268 278 145
L 990 268 277 24
L 991 268 275 51
L 992 268 274 297
L 993 268 196 231
L 994 269 273 430
L 995 269 187 235
L 996 270 280 423
L 997 270 278 112
L 998 270 277 350
L 999 270 273 312
L 1000 270 196 292
L 1001 270 189 435
L 1002 270 188 22
L 1003 271 274 171
L 1004 271 273 483
L 1005 272 274 275
L 1006 273 271 331
L 1007 273 270 275
L 1008 273 269 71
L 1009 274 272 202
L 1010 274 271 482
L 1011 274 268 486
L 1012 275 280 178
L 1013 275 278 417
L 1014 275 268 377
L 1015 275 197 459
L 1016 275 196 79
L 1017 275 188 87
L 1018 276 278 421
L 1019 276 277 66
L 1020 276 196 222
L 1021 277 278 436
L 1022 277 276 108
L 1023 277 270 19
L 1024 277 268 166
L 1025 277 197 37
L 1026 277 196 244
L 1027 278 282 89
L 1028 278 280 140
L 1029 278 277 93
L 1030 278 276 391
L 1031 278 275 423
L 1032 278 270 28
L 1033 278 268 403
L 1034 278 196 93
L 1035 278 192 11
L 1036 279 193 178
L 1037 280 278 415
L 1038 280 275 276
L 1039 280 270 239
L 1040 280 197 117
L 1041 280 196 257
L 1042 280 193 224
L 1043 280 190 286
L 1044 281 201 174
L 1045 282 278 101
L 1046 283 208 244
L 1047 283 207 244
L 1048 284 286 178
L 1049 284 285 165
L 1050 284 214 300
L 1051 285 286 391
L 1052 285 284 100
L 1053 286 285 398
L 1054 286 284 400
L 1055 286 237 257
L 1056 286 217 426
L 1057 287 290 143
L 1058 287 247 336
L 1059 288 289 65
L 1060 288 247 227
L 1061 288 218 226
L 1062 289 288 478
L 1063 290 291 245
L 1064 290 287 129
L 1065 290 262 71
L 1066 290 250 246
L 1067 290 249 298
L 1068 290 248 476
L 1069 290 223 21
L 1070 290 221 36
L 1071 290 220 93
L 1072 291 290 269
L 1073 291 263 251
L 1074 291 262 369
L 1075 291 261 433
L 1076 291 221 343
L 1077 291 220 113
L 1078 292 223 176
L 1079 292 222 20
L 1080 292 221 268
L 1081 292 220 467
L 1082 293 223 401
L 1083 294 221 359
L 1084 294 220 365
L 1085 295 111 300
