t 27
? 1 1
? 2 2
? 3 3
? 4 4
? 5 5
? 6 6
? 7 7
? 8 8
? 9 9
? 10 10
? 11 11
? 12 12
? 13 13
? 14 14
? 15 15
? 16 16
? 17 17
? 18 18
? 19 19
? 20 20
? 21 21
? 22 22
? 23 23
? 24 24
? 25 25
? 26 26
? 27 27
T 98
L 0 1 2 14 0
L 1 2 1 14 0
L 2 1 5 14 0
L 3 5 1 14 0
L 4 1 8 14 0
L 5 8 1 14 0
L 6 2 27 16.5 0
L 7 27 2 16.5 0
L 8 2 3 14 0
L 9 3 2 14 0
L 10 2 5 14 0
L 11 5 2 14 0
L 12 3 22 16.5 0
L 13 22 3 16.5 0
L 14 3 25 16.5 0
L 15 25 3 16.5 0
L 16 3 26 16.5 0
L 17 26 3 16.5 0
L 18 3 15 16.5 0
L 19 15 3 16.5 0
L 20 3 4 14 0
L 21 4 3 14 0
L 22 3 6 14 0
L 23 6 3 14 0
L 24 5 6 14 0
L 25 6 5 14 0
L 26 5 8 14 0
L 27 8 5 14 0
L 28 6 4 14 0
L 29 4 6 14 0
L 30 6 7 14 0
L 31 7 6 14 0
L 32 6 13 14 0
L 33 13 6 14 0
L 34 8 9 14 0
L 35 9 8 14 0
L 36 8 11 14 0
L 37 11 8 14 0
L 38 8 12 14 0
L 39 12 8 14 0
L 40 9 10 14 0
L 41 10 9 14 0
L 42 10 11 14 0
L 43 11 10 14 0
L 44 11 12 14 0
L 45 12 11 14 0
L 46 11 15 16.5 0
L 47 15 11 16.5 0
L 48 11 16 16.5 0
L 49 16 11 16.5 0
L 50 12 13 14 0
L 51 13 12 14 0
L 52 13 14 14 0
L 53 14 13 14 0
L 54 7 14 14 0
L 55 14 7 14 0
L 56 14 15 16.5 0
L 57 15 14 16.5 0
L 58 12 18 16.5 0
L 59 18 12 16.5 0
L 60 16 17 14 0
L 61 17 16 14 0
L 62 16 18 14 0
L 63 18 16 14 0
L 64 16 19 14 0
L 65 19 16 14 0
L 66 17 19 14 0
L 67 19 17 14 0
L 68 17 20 14 0
L 69 20 17 14 0
L 70 18 20 14 0
L 71 20 18 14 0
L 72 18 19 14 0
L 73 19 18 14 0
L 74 19 20 14 0
L 75 20 19 14 0
L 76 17 21 16.5 0
L 77 21 17 16.5 0
L 78 21 24 14 0
L 79 24 21 14 0
L 80 21 22 14 0
L 81 22 21 14 0
L 82 24 27 14 0
L 83 27 24 14 0
L 84 22 23 16.5 0
L 85 23 22 16.5 0
L 86 22 27 14 0
L 87 27 22 14 0
L 88 24 25 16.5 0
L 89 25 24 16.5 0
L 90 23 25 14 0
L 91 25 23 14 0
L 92 23 26 14 0
L 93 26 23 14 0
L 94 25 26 14 0
L 95 26 25 14 0
L 96 27 25 16.5 0
L 97 25 27 16.5 0
