0 2816
1 1024
2 4992
3 3200
4 2816
5 3456
6 3456
7 2304
8 3200
9 384
10 640
11 3584
12 2432
13 1152
14 2176
15 4608
16 5504
17 3712
18 3200
19 3328
20 2048
21 3328
22 7680
23 640
24 3584
25 1408
26 1536
27 384
28 2048
29 3456
30 4480
31 512
32 1792
33 4224
34 1536
35 640
36 4224
37 896
38 2048
39 2176
40 128
41 5248
42 3840
43 2176
44 5120
45 1920
46 1920
47 5632
48 5248
49 1792
50 2304
51 640
52 3328
53 2944
54 1408
55 4096
56 2688
57 128
58 640
59 4224
60 5888
61 768
62 4864
63 5504
64 1664
65 768
66 3072
67 1664
68 640
69 2048
70 1920
