0 1280
1 2304
2 1792
3 3840
4 5760
5 384
6 2432
7 640
8 1792
9 2816
10 4992
11 640
12 2816
13 4608
14 2688
15 3072
16 1536
17 768
18 1920
19 2176
20 3584
21 3200
22 5248
23 1152
24 5120
25 3200
26 1792
27 2944
28 2688
29 1664
30 896
31 1536
32 2304
33 2560
34 3072
35 512
36 1664
37 128
38 2176
39 5248
40 4352
41 3328
42 2176
43 2560
44 4224
45 2944
46 1664
47 5888
48 1152
49 3968
50 1664
51 3200
52 1280
53 3584
54 3072
55 3584
56 1280
57 2304
58 1152
59 1792
60 1408
61 3328
62 3456
63 1280
64 512
65 2432
66 2304
67 4480
