0 1792
1 7296
2 3584
3 3968
4 1024
5 1408
6 768
7 2176
8 1920
9 1408
10 1664
11 1280
12 4096
13 5888
14 128
15 2944
16 3200
17 3712
18 2816
19 512
20 512
21 4480
22 2560
23 896
24 4864
25 512
26 3456
27 896
28 1792
29 1792
30 4224
31 128
32 128
33 4096
34 3200
35 2432
36 5760
37 5376
38 1280
39 4736
40 896
41 7552
42 2560
43 256
44 1536
45 7168
46 384
47 3840
48 2048
49 2176
50 3072
51 3072
52 2176
53 2432
54 1408
55 768
56 2560
57 1024
58 4608
59 1152
60 3200
61 3712
62 1664
63 5504
64 768
65 1024
66 1664
67 1152
68 768
69 5632
70 896
71 1408
72 2048
73 1536
74 256
