0 2560
1 3584
2 4992
3 2304
4 3072
5 896
6 2176
7 6400
8 768
9 1536
10 2304
11 3840
12 768
13 3456
14 896
15 1152
16 1408
17 4480
18 2432
19 640
20 3584
21 768
22 1024
23 384
24 256
25 512
26 1024
27 1024
28 1024
29 4608
30 6400
31 384
32 3328
33 1024
34 4224
35 6912
36 1536
37 4224
38 640
39 1792
40 384
41 512
42 3328
43 3712
44 384
45 5248
46 1920
47 1152
48 1920
49 1792
50 2816
51 2048
52 1280
53 2816
54 3456
55 2688
56 3712
57 768
58 2432
59 896
60 256
61 2304
62 6272
63 1152
64 1024
65 1792
