0 2048
1 3584
2 1792
3 4096
4 1408
5 1408
6 4736
7 2688
8 2944
9 4480
10 2688
11 640
12 1536
13 1408
14 128
15 1408
16 768
17 384
18 512
19 2944
20 1152
21 4352
22 1280
23 1792
24 5248
25 4096
26 256
27 4096
28 5248
29 5504
30 128
31 1408
32 1024
33 640
34 384
35 2816
36 3200
37 256
38 5376
39 2816
40 4864
41 896
42 4096
43 4864
44 2944
45 3200
46 7808
47 896
48 4352
49 1408
50 3584
51 4608
52 3328
53 1408
54 2816
55 3456
56 1664
57 4864
58 2560
59 4864
60 512
61 4864
62 1792
63 1792
64 896
65 6400
66 5376
67 2048
68 3968
69 4864
70 1024
71 2688
