0 1792
1 6656
2 768
3 1664
4 3840
5 256
6 4608
7 5120
8 1536
9 1536
10 5504
11 2432
12 2560
13 2304
14 5248
15 4480
16 2304
17 3456
18 2176
19 1280
20 512
21 4480
22 1024
23 6912
24 2432
25 4992
26 4224
27 4608
28 1024
29 2432
30 2944
31 1408
32 1280
33 3328
34 2176
35 128
36 2176
37 2432
38 6656
39 896
40 256
41 1280
42 256
43 768
44 3584
45 3840
46 384
47 256
48 4608
49 1408
50 3072
51 128
52 1664
53 1536
54 2688
55 512
56 640
57 3968
58 768
59 3072
60 1024
61 2944
62 4608
63 3328
64 896
65 1792
66 2432
67 4864
68 512
69 896
70 2432
