0 256
1 1920
2 3712
3 5632
4 6528
5 640
6 2048
7 1664
8 768
9 2432
10 2560
11 2048
12 512
13 7424
14 5376
15 512
16 384
17 1792
18 1280
19 512
20 768
21 4224
22 1664
23 2432
24 1536
25 1408
26 128
27 384
28 512
29 1792
30 512
31 4992
32 3456
33 3200
34 256
35 2176
36 2816
37 3968
38 2048
39 896
40 896
41 3328
42 2432
43 5376
44 2304
45 5248
46 2560
47 2176
48 3328
49 896
50 2560
51 1664
52 1152
53 4096
54 4608
55 2048
56 4480
57 2816
58 1024
59 2944
60 640
61 5120
62 640
63 640
64 896
65 1408
66 128
