0 5760
1 2304
2 4864
3 1280
4 4224
5 256
6 2048
7 1280
8 3072
9 4224
10 2816
11 3584
12 4736
13 4096
14 6400
15 1920
16 5888
17 2560
18 4480
19 384
20 2048
21 1920
22 6528
23 2432
24 3584
25 1408
26 2176
27 3072
28 768
29 3584
30 640
31 3328
32 3328
33 768
34 3200
35 2816
36 128
37 4480
38 3200
39 256
40 2048
41 1664
42 4096
43 128
44 4224
45 768
46 3712
47 5120
48 640
49 1280
50 1152
51 3200
52 4864
53 4224
54 3968
55 1152
56 2432
57 1280
58 1280
59 2048
60 128
61 5504
62 2560
63 2816
64 1408
65 1152
66 2944
67 896
68 1408
69 1024
