0 1280
1 1408
2 3456
3 3712
4 128
5 4096
6 3200
7 1920
8 4992
9 3712
10 2560
11 4352
12 768
13 5888
14 256
15 5248
16 4736
17 6400
18 3072
19 3200
20 7168
21 3840
22 2688
23 2688
24 4864
25 128
26 7936
27 1536
28 1792
29 2944
30 384
31 256
32 1024
33 256
34 4224
35 3456
36 6016
37 5248
38 2432
39 896
40 8192
41 128
42 1024
43 1792
44 3200
45 2432
46 768
47 4352
48 128
49 1152
50 384
51 2048
52 1536
53 4224
54 1664
55 1280
56 512
57 2560
58 5376
59 4352
60 2816
61 1024
62 2432
63 5888
64 768
65 3456
66 3712
67 1664
68 256
