0 2048
1 1536
2 4096
3 2048
4 1024
5 2432
6 384
7 1152
8 1920
9 4736
10 3712
11 1024
12 1920
13 4352
14 2048
15 5760
16 3712
17 3072
18 6528
19 1408
20 1024
21 4992
22 4992
23 6272
24 1024
25 1664
26 896
27 3328
28 1664
29 3200
30 4352
31 2176
32 4864
33 1792
34 4608
35 640
36 4864
37 2048
38 128
39 384
40 512
41 6144
42 3968
43 1536
44 2944
45 6016
46 3968
47 768
48 1152
49 5888
50 2304
51 1920
52 2432
53 3072
54 1408
55 2048
56 5376
57 1280
58 2560
59 5248
60 7680
61 1536
62 3584
63 768
64 3200
65 128
66 3712
