0 1408
1 1792
2 1024
3 1152
4 1536
5 2432
6 128
7 384
8 2688
9 4224
10 1664
11 2560
12 1152
13 384
14 1536
15 1792
16 256
17 2304
18 2560
19 2304
20 2816
21 1408
22 1920
23 4736
24 3840
25 768
26 2048
27 3456
28 4480
29 6272
30 768
31 768
32 2688
33 3712
34 3840
35 3328
36 2560
37 2432
38 128
39 1152
40 4352
41 1792
42 1536
43 2560
44 256
45 640
46 2048
47 896
48 6272
49 384
50 128
51 384
52 1792
53 3712
54 640
55 3968
56 1024
57 3328
58 1536
59 2304
60 2816
61 384
62 768
63 128
64 4480
65 1280
66 2176
67 2304
