0 1664
1 3456
2 5248
3 768
4 1408
5 2176
6 896
7 1664
8 1152
9 1152
10 1536
11 768
12 2304
13 1536
14 4224
15 3968
16 1920
17 3968
18 1664
19 4736
20 2176
21 1280
22 3072
23 3072
24 2560
25 2048
26 1152
27 1664
28 6016
29 1152
30 640
31 4352
32 3712
33 768
34 512
35 5248
36 2688
37 768
38 1152
39 256
40 768
41 1664
42 2688
43 1664
44 1536
45 2304
46 2944
47 1664
48 3072
49 3712
50 2176
51 3328
52 4864
53 2688
54 1920
55 3328
56 2944
57 1664
58 384
59 2176
60 4608
61 4352
62 384
63 1280
64 512
65 2944
66 384
67 2048
68 2304
69 768
70 2176
71 2816
72 1024
