0 1792
1 1536
2 1408
3 1280
4 5120
5 3840
6 768
7 2944
8 1280
9 6912
10 2944
11 512
12 1536
13 1152
14 2176
15 4224
16 1792
17 1664
18 1024
19 7040
20 3072
21 1024
22 1152
23 2560
24 2304
25 2432
26 768
27 256
28 2304
29 2816
30 128
31 1792
32 2560
33 3840
34 4864
35 2688
36 2048
37 3328
38 768
39 768
40 3328
41 3328
42 2432
43 3584
44 1280
45 3968
46 768
47 3968
48 2176
49 2816
50 512
51 2816
52 8704
53 4864
54 2048
55 1536
56 640
57 1408
58 1152
59 6016
60 3200
61 1024
62 1024
63 5888
64 1664
