0 6016
1 2560
2 5120
3 640
4 1280
5 512
6 1152
7 640
8 2688
9 896
10 768
11 4608
12 3968
13 896
14 1536
15 1536
16 4608
17 2688
18 1536
19 1792
20 2944
21 1536
22 128
23 1792
24 1152
25 128
26 1536
27 1408
28 128
29 640
30 2176
31 3712
32 1024
33 2304
34 3072
35 5760
36 1792
37 5888
38 2560
39 3328
40 2816
41 128
42 128
43 2048
44 4352
45 7168
46 2432
47 1536
48 768
49 256
50 896
51 768
52 3200
53 2304
54 2304
55 2176
56 2816
57 1024
58 2176
59 1920
60 640
61 1152
62 1024
63 7424
64 4352
65 5760
66 6528
67 1024
68 768
69 256
70 1792
71 4864
72 2304
73 1920
