0 1792
1 640
2 1920
3 768
4 1408
5 2304
6 1152
7 7168
8 2432
9 1920
10 6528
11 1408
12 512
13 2816
14 256
15 2944
16 384
17 384
18 6016
19 640
20 3328
21 2688
22 3712
23 1024
24 3072
25 2944
26 1920
27 1664
28 896
29 1152
30 2688
31 1536
32 384
33 1536
34 768
35 2432
36 1536
37 512
38 4224
39 3840
40 256
41 1024
42 768
43 128
44 896
45 2560
46 256
47 512
48 1792
49 5376
50 1792
51 2048
52 2048
53 4352
54 1152
55 2816
56 3840
57 2048
58 896
59 512
60 640
61 5248
62 128
63 3968
64 1408
65 6272
66 896
