0 896
1 1408
2 256
3 2176
4 3200
5 1408
6 2816
7 1280
8 512
9 3072
10 2176
11 1664
12 1408
13 640
14 3328
15 1024
16 1792
17 7552
18 6144
19 256
20 2176
21 3456
22 2432
23 5248
24 4864
25 2048
26 768
27 6656
28 3712
29 3968
30 2944
31 1664
32 1280
33 1792
34 3968
35 3584
36 6912
37 6912
38 5504
39 1920
40 1024
41 2560
42 1024
43 2176
44 2944
45 5888
46 1920
47 768
48 1664
49 1152
50 3712
51 7552
52 256
53 1536
54 1408
55 2176
56 3712
57 4096
58 1408
59 1024
60 384
61 1280
62 3456
63 2304
64 640
65 384
66 768
67 1152
68 2304
69 2304
