0 4224
1 640
2 1536
3 2176
4 256
5 512
6 4736
7 128
8 3200
9 2944
10 2560
11 3584
12 2176
13 1280
14 1664
15 2944
16 128
17 1792
18 7552
19 256
20 1536
21 2944
22 2816
23 2688
24 2176
25 384
26 1664
27 6272
28 640
29 2432
30 1280
31 2304
32 1920
33 1664
34 3712
35 512
36 1024
37 1536
38 3072
39 2560
40 384
41 640
42 4992
43 640
44 1408
45 2944
46 1280
47 640
48 1408
49 2816
50 4736
51 2304
52 5760
53 2944
54 3584
55 5248
56 3968
57 3072
58 1024
59 2944
60 256
61 1664
62 1280
63 2816
64 4480
65 1408
66 5120
67 1024
