0 128
1 4608
2 1280
3 128
4 2816
5 4864
6 6784
7 4736
8 4096
9 3200
10 2176
11 3968
12 5760
13 3968
14 3712
15 2560
16 2816
17 1664
18 1792
19 1408
20 1408
21 6272
22 1408
23 1152
24 5632
25 2688
26 1280
27 2304
28 2816
29 1792
30 5760
31 2048
32 3968
33 1152
34 4352
35 7296
36 896
37 2432
38 6784
39 1536
40 3968
41 640
42 3072
43 2432
44 1152
45 4096
46 6912
47 1664
48 5248
49 512
50 512
51 512
52 2560
53 4096
54 1664
55 2816
56 2048
57 3840
58 2944
59 512
60 4224
61 4608
62 2560
63 2816
64 4736
65 1920
66 1152
67 4224
68 3072
69 6400
70 2816
71 128
72 1920
