0 4736
1 5504
2 4352
3 2432
4 1408
5 5888
6 2560
7 1536
8 896
9 384
10 2688
11 3712
12 640
13 6016
14 2176
15 768
16 1152
17 2304
18 384
19 1152
20 4992
21 3712
22 5888
23 1408
24 1280
25 3200
26 896
27 6272
28 3584
29 3456
30 1152
31 1152
32 3584
33 5248
34 2304
35 1792
36 896
37 3328
38 128
39 3200
40 3584
41 2560
42 1792
43 896
44 2176
45 4096
46 5888
47 1152
48 896
49 768
50 1664
51 4608
52 2432
53 1280
54 2048
55 1664
56 256
57 1024
58 6400
59 1664
60 640
61 5120
62 2304
63 1536
64 5504
65 4480
66 256
67 3712
68 768
69 3840
70 768
71 256
72 1152
