0 512
1 4736
2 768
3 2176
4 128
5 1408
6 2688
7 2304
8 2944
9 768
10 6656
11 256
12 256
13 1792
14 1920
15 384
16 2560
17 768
18 2432
19 2048
20 4480
21 1792
22 4096
23 1920
24 2816
25 3840
26 2176
27 6016
28 2560
29 3712
30 768
31 1408
32 1024
33 384
34 2432
35 2304
36 3072
37 2688
38 2944
39 2944
40 4096
41 3200
42 640
43 5376
44 3328
45 1792
46 1280
47 3200
48 4352
49 2304
50 1920
51 1664
52 512
53 1920
54 5376
55 4480
56 128
57 4224
58 2048
59 3712
60 512
61 640
62 1536
63 2304
64 4736
65 128
66 1024
67 2688
68 1152
69 3712
70 4736
71 5248
