0 2816
1 7040
2 2432
3 3072
4 3328
5 3584
6 4992
7 1280
8 4224
9 1280
10 3072
11 1152
12 2048
13 2304
14 2176
15 1536
16 2816
17 4352
18 2048
19 2560
20 1664
21 4352
22 768
23 1024
24 2816
25 640
26 384
27 1792
28 3200
29 4864
30 1536
31 1792
32 2432
33 1536
34 1024
35 1152
36 2560
37 4608
38 768
39 2560
40 2560
41 2560
42 640
43 2304
44 896
45 1152
46 512
47 3328
48 1152
49 1024
50 2688
51 1408
52 2176
53 640
54 3456
55 5120
56 128
57 2944
58 6400
59 768
60 5504
61 1792
62 4480
63 640
64 768
65 2688
