0 4352
1 512
2 256
3 1536
4 4736
5 2432
6 3584
7 3328
8 896
9 5248
10 3968
11 512
12 4608
13 896
14 1152
15 2176
16 1792
17 1792
18 1920
19 4608
20 3072
21 4352
22 512
23 1536
24 3200
25 2432
26 2944
27 1536
28 512
29 640
30 128
31 128
32 128
33 1152
34 1280
35 4224
36 1280
37 5504
38 1024
39 1536
40 1408
41 3200
42 256
43 3456
44 256
45 4224
46 2048
47 2432
48 3072
49 640
50 2944
51 1920
52 256
53 128
54 896
55 1792
56 768
57 3584
58 2048
59 1664
60 1664
61 2304
62 1280
63 1024
64 2688
65 512
66 1792
